03/12/2020 14:05
Laser wavelength: 721
N to average: 1
Int: 0.05 s
LambdaCenter: 800.0 nm
grating: 0 
Incident_Pol:  Circular
Detection_Pol:  Unpolarized

 -------------
Grating 0=300 gr 1000 nm/mirror
Grating 1=900 gr 600 nm/600 gr 1000 nm
Grating 2=1800 gr 500 nm
1.735448	60.000000
1.735038	180.000000
1.734628	-60.000000
1.734219	80.000000
1.733809	200.000000
1.733400	200.000000
1.732991	200.000000
1.732583	20.000000
1.732174	240.000000
1.731766	40.000000
1.731358	-20.000000
1.730950	160.000000
1.730542	160.000000
1.730134	140.000000
1.729727	100.000000
1.729320	180.000000
1.728913	60.000000
1.728506	0.000000
1.728099	140.000000
1.727693	80.000000
1.727286	40.000000
1.726880	-60.000000
1.726475	-40.000000
1.726069	-20.000000
1.725663	60.000000
1.725258	220.000000
1.724853	160.000000
1.724448	120.000000
1.724043	140.000000
1.723639	40.000000
1.723234	-20.000000
1.722830	120.000000
1.722426	20.000000
1.722023	200.000000
1.721619	220.000000
1.721216	100.000000
1.720812	100.000000
1.720409	280.000000
1.720006	140.000000
1.719604	160.000000
1.719201	40.000000
1.718799	100.000000
1.718397	60.000000
1.717995	80.000000
1.717593	40.000000
1.717192	100.000000
1.716791	140.000000
1.716389	100.000000
1.715989	80.000000
1.715588	120.000000
1.715187	60.000000
1.714787	40.000000
1.714387	240.000000
1.713987	60.000000
1.713587	120.000000
1.713187	100.000000
1.712788	100.000000
1.712388	-40.000000
1.711989	60.000000
1.711590	160.000000
1.711192	-40.000000
1.710793	60.000000
1.710395	-40.000000
1.709997	100.000000
1.709599	100.000000
1.709201	-40.000000
1.708803	60.000000
1.708406	-20.000000
1.708009	-80.000000
1.707612	-20.000000
1.707215	40.000000
1.706818	-20.000000
1.706422	100.000000
1.706025	200.000000
1.705629	140.000000
1.705233	120.000000
1.704837	60.000000
1.704442	200.000000
1.704046	200.000000
1.703651	40.000000
1.703256	60.000000
1.702861	320.000000
1.702467	-20.000000
1.702072	120.000000
1.701678	-40.000000
1.701284	120.000000
1.700890	140.000000
1.700496	20.000000
1.700103	-60.000000
1.699709	160.000000
1.699316	220.000000
1.698923	100.000000
1.698530	-20.000000
1.698138	0.000000
1.697745	100.000000
1.697353	180.000000
1.696961	20.000000
1.696569	80.000000
1.696177	160.000000
1.695785	180.000000
1.695394	20.000000
1.695003	40.000000
1.694612	0.000000
1.694221	140.000000
1.693830	80.000000
1.693440	120.000000
1.693050	80.000000
1.692659	40.000000
1.692269	60.000000
1.691880	80.000000
1.691490	140.000000
1.691101	280.000000
1.690711	160.000000
1.690322	100.000000
1.689934	60.000000
1.689545	-60.000000
1.689156	240.000000
1.688768	280.000000
1.688380	100.000000
1.687992	40.000000
1.687604	40.000000
1.687217	140.000000
1.686829	80.000000
1.686442	60.000000
1.686055	20.000000
1.685668	100.000000
1.685281	20.000000
1.684895	140.000000
1.684508	40.000000
1.684122	160.000000
1.683736	100.000000
1.683350	200.000000
1.682964	40.000000
1.682579	20.000000
1.682194	60.000000
1.681809	260.000000
1.681424	160.000000
1.681039	140.000000
1.680654	40.000000
1.680270	140.000000
1.679885	140.000000
1.679501	60.000000
1.679117	100.000000
1.678734	-40.000000
1.678350	60.000000
1.677967	140.000000
1.677584	160.000000
1.677201	240.000000
1.676818	180.000000
1.676435	40.000000
1.676053	0.000000
1.675670	40.000000
1.675288	20.000000
1.674906	200.000000
1.674524	60.000000
1.674143	100.000000
1.673761	120.000000
1.673380	40.000000
1.672999	100.000000
1.672618	160.000000
1.672237	140.000000
1.671856	180.000000
1.671476	-20.000000
1.671096	80.000000
1.670716	140.000000
1.670336	140.000000
1.669956	20.000000
1.669577	260.000000
1.669197	160.000000
1.668818	60.000000
1.668439	100.000000
1.668060	120.000000
1.667681	-40.000000
1.667303	140.000000
1.666925	80.000000
1.666546	220.000000
1.666168	240.000000
1.665790	120.000000
1.665413	80.000000
1.665035	100.000000
1.664658	180.000000
1.664281	60.000000
1.663904	140.000000
1.663527	120.000000
1.663150	40.000000
1.662774	140.000000
1.662398	120.000000
1.662022	100.000000
1.661646	60.000000
1.661270	20.000000
1.660894	80.000000
1.660519	180.000000
1.660143	40.000000
1.659768	80.000000
1.659393	200.000000
1.659019	0.000000
1.658644	120.000000
1.658270	80.000000
1.657895	260.000000
1.657521	140.000000
1.657147	100.000000
1.656774	180.000000
1.656400	0.000000
1.656027	-60.000000
1.655653	160.000000
1.655280	20.000000
1.654907	120.000000
1.654535	80.000000
1.654162	80.000000
1.653790	160.000000
1.653417	20.000000
1.653045	140.000000
1.652673	100.000000
1.652302	200.000000
1.651930	60.000000
1.651559	20.000000
1.651187	120.000000
1.650816	100.000000
1.650445	180.000000
1.650075	200.000000
1.649704	220.000000
1.649334	160.000000
1.648964	40.000000
1.648593	40.000000
1.648224	20.000000
1.647854	0.000000
1.647484	120.000000
1.647115	200.000000
1.646746	120.000000
1.646376	80.000000
1.646008	120.000000
1.645639	180.000000
1.645270	40.000000
1.644902	80.000000
1.644534	160.000000
1.644166	80.000000
1.643798	100.000000
1.643430	140.000000
1.643062	60.000000
1.642695	100.000000
1.642328	80.000000
1.641960	100.000000
1.641594	120.000000
1.641227	80.000000
1.640860	80.000000
1.640494	140.000000
1.640127	140.000000
1.639761	80.000000
1.639395	-20.000000
1.639030	120.000000
1.638664	120.000000
1.638298	60.000000
1.637933	240.000000
1.637568	220.000000
1.637203	140.000000
1.636838	300.000000
1.636474	40.000000
1.636109	180.000000
1.635745	80.000000
1.635381	200.000000
1.635017	180.000000
1.634653	40.000000
1.634289	140.000000
1.633926	200.000000
1.633562	120.000000
1.633199	0.000000
1.632836	100.000000
1.632473	160.000000
1.632110	120.000000
1.631748	260.000000
1.631385	-40.000000
1.631023	220.000000
1.630661	-60.000000
1.630299	220.000000
1.629938	240.000000
1.629576	100.000000
1.629215	180.000000
1.628853	160.000000
1.628492	100.000000
1.628131	80.000000
1.627770	180.000000
1.627410	60.000000
1.627049	20.000000
1.626689	180.000000
1.626329	200.000000
1.625969	120.000000
1.625609	40.000000
1.625249	100.000000
1.624890	40.000000
1.624531	120.000000
1.624171	140.000000
1.623812	100.000000
1.623453	240.000000
1.623095	180.000000
1.622736	140.000000
1.622378	80.000000
1.622020	160.000000
1.621662	160.000000
1.621304	60.000000
1.620946	-80.000000
1.620588	160.000000
1.620231	-60.000000
1.619873	100.000000
1.619516	80.000000
1.619159	240.000000
1.618803	80.000000
1.618446	80.000000
1.618089	100.000000
1.617733	80.000000
1.617377	100.000000
1.617021	200.000000
1.616665	180.000000
1.616309	120.000000
1.615954	160.000000
1.615598	120.000000
1.615243	160.000000
1.614888	80.000000
1.614533	240.000000
1.614178	80.000000
1.613824	80.000000
1.613469	40.000000
1.613115	200.000000
1.612761	120.000000
1.612407	100.000000
1.612053	200.000000
1.611699	100.000000
1.611346	80.000000
1.610992	40.000000
1.610639	180.000000
1.610286	200.000000
1.609933	180.000000
1.609580	160.000000
1.609228	60.000000
1.608875	60.000000
1.608523	180.000000
1.608171	20.000000
1.607819	160.000000
1.607467	160.000000
1.607115	100.000000
1.606764	0.000000
1.606412	100.000000
1.606061	260.000000
1.605710	260.000000
1.605359	300.000000
1.605008	120.000000
1.604658	120.000000
1.604307	120.000000
1.603957	80.000000
1.603607	120.000000
1.603257	200.000000
1.602907	100.000000
1.602557	120.000000
1.602208	220.000000
1.601858	260.000000
1.601509	60.000000
1.601160	200.000000
1.600811	360.000000
1.600462	140.000000
1.600114	60.000000
1.599765	180.000000
1.599417	200.000000
1.599069	-20.000000
1.598721	80.000000
1.598373	100.000000
1.598025	80.000000
1.597678	220.000000
1.597330	160.000000
1.596983	120.000000
1.596636	120.000000
1.596289	200.000000
1.595942	260.000000
1.595595	180.000000
1.595249	140.000000
1.594902	140.000000
1.594556	220.000000
1.594210	120.000000
1.593864	140.000000
1.593519	220.000000
1.593173	180.000000
1.592828	180.000000
1.592482	280.000000
1.592137	200.000000
1.591792	80.000000
1.591447	100.000000
1.591102	80.000000
1.590758	80.000000
1.590413	40.000000
1.590069	100.000000
1.589725	180.000000
1.589381	220.000000
1.589037	100.000000
1.588694	240.000000
1.588350	140.000000
1.588007	100.000000
1.587664	180.000000
1.587321	180.000000
1.586978	280.000000
1.586635	100.000000
1.586292	120.000000
1.585950	240.000000
1.585607	300.000000
1.585265	340.000000
1.584923	340.000000
1.584581	200.000000
1.584240	240.000000
1.583898	240.000000
1.583556	260.000000
1.583215	180.000000
1.582874	220.000000
1.582533	180.000000
1.582192	220.000000
1.581851	340.000000
1.581511	380.000000
1.581170	40.000000
1.580830	200.000000
1.580490	220.000000
1.580150	240.000000
1.579810	220.000000
1.579471	320.000000
1.579131	360.000000
1.578792	200.000000
1.578452	340.000000
1.578113	320.000000
1.577774	360.000000
1.577436	240.000000
1.577097	100.000000
1.576758	360.000000
1.576420	200.000000
1.576082	120.000000
1.575744	460.000000
1.575406	340.000000
1.575068	180.000000
1.574730	340.000000
1.574393	320.000000
1.574055	160.000000
1.573718	440.000000
1.573381	420.000000
1.573044	360.000000
1.572707	400.000000
1.572371	300.000000
1.572034	500.000000
1.571698	280.000000
1.571362	580.000000
1.571026	380.000000
1.570690	620.000000
1.570354	620.000000
1.570018	620.000000
1.569683	720.000000
1.569347	740.000000
1.569012	740.000000
1.568677	860.000000
1.568342	1000.000000
1.568008	1040.000000
1.567673	1140.000000
1.567338	1400.000000
1.567004	1260.000000
1.566670	1460.000000
1.566336	1800.000000
1.566002	1960.000000
1.565668	2300.000000
1.565334	2620.000000
1.565001	2880.000000
1.564668	3140.000000
1.564334	3880.000000
1.564001	4320.000000
1.563668	4880.000000
1.563336	5560.000000
1.563003	6940.000000
1.562670	7560.000000
1.562338	8860.000000
1.562006	10180.000000
1.561674	12080.000000
1.561342	14120.000000
1.561010	16580.000000
1.560678	19800.000000
1.560347	23260.000000
1.560016	26780.000000
1.559684	31140.000000
1.559353	36780.000000
1.559022	43780.000000
1.558692	50960.000000
1.558361	60920.000000
1.558030	71060.000000
1.557700	83280.000000
1.557370	98480.000000
1.557040	115620.000000
1.556710	135000.000000
1.556380	157920.000000
1.556050	185160.000000
1.555721	216500.000000
1.555391	251820.000000
1.555062	290820.000000
1.554733	337080.000000
1.554404	389080.000000
1.554075	446300.000000
1.553746	511640.000000
1.553418	576700.000000
1.553089	650960.000000
1.552761	734460.000000
1.552433	818220.000000
1.552105	907700.000000
1.551777	999980.000000
1.551449	1095660.000000
1.551122	1184520.000000
1.550794	1273040.000000
1.550467	1356860.000000
1.550140	1442600.000000
1.549812	1514660.000000
1.549486	1580840.000000
1.549159	1642420.000000
1.548832	1684580.000000
1.548506	1714340.000000
1.548179	1723720.000000
1.547853	1728440.000000
1.547527	1710100.000000
1.547201	1687660.000000
1.546875	1646760.000000
1.546550	1589580.000000
1.546224	1527860.000000
1.545899	1460020.000000
1.545573	1383500.000000
1.545248	1311580.000000
1.544923	1229700.000000
1.544598	1145920.000000
1.544274	1067440.000000
1.543949	986180.000000
1.543625	909320.000000
1.543300	835660.000000
1.542976	760460.000000
1.542652	695180.000000
1.542328	631220.000000
1.542005	571580.000000
1.541681	519480.000000
1.541357	468780.000000
1.541034	420440.000000
1.540711	380640.000000
1.540388	341900.000000
1.540065	307020.000000
1.539742	276820.000000
1.539419	250880.000000
1.539097	225980.000000
1.538774	206260.000000
1.538452	187940.000000
1.538130	172320.000000
1.537808	158460.000000
1.537486	146740.000000
1.537164	137360.000000
1.536843	128500.000000
1.536521	122440.000000
1.536200	116260.000000
1.535879	112440.000000
1.535558	108820.000000
1.535237	106680.000000
1.534916	105620.000000
1.534595	104720.000000
1.534275	104260.000000
1.533954	106000.000000
1.533634	107440.000000
1.533314	110440.000000
1.532994	113720.000000
1.532674	116540.000000
1.532355	120020.000000
1.532035	126740.000000
1.531715	130980.000000
1.531396	136720.000000
1.531077	143920.000000
1.530758	151820.000000
1.530439	160260.000000
1.530120	169540.000000
1.529802	177960.000000
1.529483	188280.000000
1.529165	199320.000000
1.528846	211500.000000
1.528528	223520.000000
1.528210	235680.000000
1.527892	249820.000000
1.527575	264360.000000
1.527257	277840.000000
1.526940	296380.000000
1.526622	313640.000000
1.526305	332500.000000
1.525988	352480.000000
1.525671	374600.000000
1.525354	395500.000000
1.525038	419140.000000
1.524721	442520.000000
1.524405	469860.000000
1.524088	496460.000000
1.523772	524060.000000
1.523456	552260.000000
1.523140	584680.000000
1.522825	615680.000000
1.522509	647820.000000
1.522193	686140.000000
1.521878	722240.000000
1.521563	756660.000000
1.521248	794880.000000
1.520933	833840.000000
1.520618	876060.000000
1.520303	913680.000000
1.519989	958860.000000
1.519674	999860.000000
1.519360	1041140.000000
1.519046	1087800.000000
1.518732	1130240.000000
1.518418	1176240.000000
1.518104	1217700.000000
1.517790	1260860.000000
1.517477	1298120.000000
1.517163	1340340.000000
1.516850	1379380.000000
1.516537	1419440.000000
1.516224	1459040.000000
1.515911	1496500.000000
1.515598	1527480.000000
1.515285	1561700.000000
1.514973	1596580.000000
1.514661	1629900.000000
1.514348	1652420.000000
1.514036	1676660.000000
1.513724	1703480.000000
1.513412	1725540.000000
1.513101	1746400.000000
1.512789	1765340.000000
1.512478	1775380.000000
1.512166	1797820.000000
1.511855	1808740.000000
1.511544	1824440.000000
1.511233	1833780.000000
1.510922	1840340.000000
1.510611	1851520.000000
1.510301	1858320.000000
1.509990	1871340.000000
1.509680	1879780.000000
1.509370	1886740.000000
1.509060	1901400.000000
1.508750	1909540.000000
1.508440	1918400.000000
1.508130	1923900.000000
1.507821	1933180.000000
1.507511	1934060.000000
1.507202	1942000.000000
1.506893	1941700.000000
1.506584	1956700.000000
1.506275	1959320.000000
1.505966	1962280.000000
1.505657	1971560.000000
1.505349	1973420.000000
1.505040	1981400.000000
1.504732	1975000.000000
1.504424	1981560.000000
1.504116	1983540.000000
1.503808	1989920.000000
1.503500	1993940.000000
1.503192	2008960.000000
1.502885	2009640.000000
1.502577	2020860.000000
1.502270	2022480.000000
1.501963	2028520.000000
1.501656	2050360.000000
1.501349	2056760.000000
1.501042	2061240.000000
1.500736	2079140.000000
1.500429	2088500.000000
1.500123	2106020.000000
1.499816	2128400.000000
1.499510	2154820.000000
1.499204	2167380.000000
1.498898	2188520.000000
1.498592	2205820.000000
1.498287	2226600.000000
1.497981	2248580.000000
1.497676	2270380.000000
1.497371	2286820.000000
1.497065	2313260.000000
1.496760	2332620.000000
1.496455	2362840.000000
1.496151	2393120.000000
1.495846	2417540.000000
1.495541	2439700.000000
1.495237	2456380.000000
1.494933	2485300.000000
1.494629	2500000.000000
1.494325	2521960.000000
1.494021	2545680.000000
1.493717	2567220.000000
1.493413	2583880.000000
1.493110	2599740.000000
1.492806	2617500.000000
1.492503	2636100.000000
1.492200	2648400.000000
1.491897	2656820.000000
1.491594	2659240.000000
1.491291	2664040.000000
1.490988	2662300.000000
1.490686	2670060.000000
1.490383	2674540.000000
1.490081	2669860.000000
1.489779	2661960.000000
1.489477	2657160.000000
1.489175	2647400.000000
1.488873	2630840.000000
1.488571	2602200.000000
1.488269	2586220.000000
1.487968	2564120.000000
1.487667	2542560.000000
1.487365	2521440.000000
1.487064	2494980.000000
1.486763	2471340.000000
1.486463	2445780.000000
1.486162	2410680.000000
1.485861	2380840.000000
1.485561	2342840.000000
1.485260	2306960.000000
1.484960	2270280.000000
1.484660	2227440.000000
1.484360	2191520.000000
1.484060	2154580.000000
1.483760	2115840.000000
1.483461	2078400.000000
1.483161	2038640.000000
1.482862	2000200.000000
1.482562	1963240.000000
1.482263	1922420.000000
1.481964	1876760.000000
1.481665	1837880.000000
1.481367	1800340.000000
1.481068	1764520.000000
1.480769	1727740.000000
1.480471	1693200.000000
1.480173	1659560.000000
1.479874	1625600.000000
1.479576	1589440.000000
1.479278	1552660.000000
1.478980	1514220.000000
1.478683	1475680.000000
1.478385	1441660.000000
1.478088	1410580.000000
1.477790	1378480.000000
1.477493	1347440.000000
1.477196	1316760.000000
1.476899	1284020.000000
1.476602	1253980.000000
1.476305	1223060.000000
1.476009	1193740.000000
1.475712	1160480.000000
1.475416	1131140.000000
1.475120	1101040.000000
1.474823	1071900.000000
1.474527	1042540.000000
1.474231	1017820.000000
1.473936	992760.000000
1.473640	965540.000000
1.473344	939000.000000
1.473049	914120.000000
1.472754	891500.000000
1.472458	863540.000000
1.472163	836700.000000
1.471868	814940.000000
1.471573	785440.000000
1.471279	766180.000000
1.470984	738620.000000
1.470690	720400.000000
1.470395	698860.000000
1.470101	679700.000000
1.469807	661280.000000
1.469513	640700.000000
1.469219	623780.000000
1.468925	599700.000000
1.468631	580460.000000
1.468338	562500.000000
1.468044	543260.000000
1.467751	528500.000000
1.467458	510020.000000
1.467165	494860.000000
1.466872	479980.000000
1.466579	463860.000000
1.466286	452060.000000
1.465993	436160.000000
1.465701	421520.000000
1.465409	406220.000000
1.465116	392880.000000
1.464824	381100.000000
1.464532	366040.000000
1.464240	355260.000000
1.463948	343640.000000
1.463657	333520.000000
1.463365	321520.000000
1.463074	313060.000000
1.462782	306520.000000
1.462491	297120.000000
1.462200	286780.000000
1.461909	278640.000000
1.461618	269600.000000
1.461327	261380.000000
1.461037	254560.000000
1.460746	248400.000000
1.460456	241580.000000
1.460165	235040.000000
1.459875	231000.000000
1.459585	224200.000000
1.459295	220520.000000
1.459005	214780.000000
1.458716	210080.000000
1.458426	205480.000000
1.458136	199220.000000
1.457847	195140.000000
1.457558	190100.000000
1.457269	186920.000000
1.456980	183940.000000
1.456691	181520.000000
1.456402	178340.000000
1.456113	174880.000000
1.455825	172800.000000
1.455536	169920.000000
1.455248	165940.000000
1.454960	163740.000000
1.454671	160100.000000
1.454383	157760.000000
1.454096	155060.000000
1.453808	154080.000000
1.453520	151400.000000
1.453233	148860.000000
1.452945	146860.000000
1.452658	144520.000000
1.452371	141960.000000
1.452083	140660.000000
1.451796	138300.000000
1.451510	136020.000000
1.451223	134480.000000
1.450936	130980.000000
1.450650	128640.000000
1.450363	126820.000000
1.450077	124440.000000
1.449791	121740.000000
1.449505	119480.000000
1.449219	118540.000000
1.448933	115660.000000
1.448647	114440.000000
1.448361	111720.000000
1.448076	110040.000000
1.447791	108720.000000
1.447505	106160.000000
1.447220	103680.000000
1.446935	101500.000000
1.446650	99320.000000
1.446365	96340.000000
1.446081	94460.000000
1.445796	93500.000000
1.445511	91620.000000
1.445227	89980.000000
1.444943	87800.000000
1.444659	86040.000000
1.444374	84540.000000
1.444091	83200.000000
1.443807	81000.000000
1.443523	79780.000000
1.443239	76760.000000
1.442956	75920.000000
1.442672	74620.000000
1.442389	72680.000000
1.442106	71600.000000
1.441823	69640.000000
1.441540	68620.000000
1.441257	67500.000000
1.440974	65560.000000
1.440692	63780.000000
1.440409	61880.000000
1.440127	61160.000000
1.439845	58940.000000
1.439563	57320.000000
1.439280	56940.000000
1.438999	55720.000000
1.438717	55160.000000
1.438435	53720.000000
1.438153	52820.000000
1.437872	51120.000000
1.437590	50540.000000
1.437309	48920.000000
1.437028	48380.000000
1.436747	47380.000000
1.436466	46180.000000
1.436185	45020.000000
1.435904	43480.000000
1.435624	42940.000000
1.435343	42700.000000
1.435063	41600.000000
1.434783	41080.000000
1.434502	40060.000000
1.434222	38740.000000
1.433942	37820.000000
1.433662	37700.000000
1.433383	36380.000000
1.433103	35780.000000
1.432824	35300.000000
1.432544	34600.000000
1.432265	33280.000000
1.431986	32640.000000
1.431706	31940.000000
1.431427	31780.000000
1.431149	31160.000000
1.430870	30320.000000
1.430591	30260.000000
1.430313	29280.000000
1.430034	28500.000000
1.429756	28000.000000
1.429478	27280.000000
1.429199	26740.000000
1.428921	25880.000000
1.428644	25460.000000
1.428366	24960.000000
1.428088	24620.000000
1.427811	24040.000000
1.427533	23980.000000
1.427256	23880.000000
1.426978	22680.000000
1.426701	22700.000000
1.426424	22540.000000
1.426147	21660.000000
1.425870	21860.000000
1.425594	21200.000000
1.425317	21200.000000
1.425041	20020.000000
1.424764	19820.000000
1.424488	19780.000000
1.424212	19300.000000
1.423936	18840.000000
1.423660	18760.000000
1.423384	19120.000000
1.423108	18420.000000
1.422832	18200.000000
1.422557	18160.000000
1.422281	17900.000000
1.422006	17520.000000
1.421731	17180.000000
1.421456	16980.000000
1.421181	16720.000000
1.420906	16840.000000
1.420631	16800.000000
1.420356	16480.000000
1.420082	16320.000000
1.419807	16080.000000
1.419533	15960.000000
1.419259	15820.000000
1.418985	15360.000000
1.418711	15460.000000
1.418437	15400.000000
1.418163	15400.000000
1.417889	14980.000000
1.417615	14960.000000
1.417342	14580.000000
1.417068	14340.000000
1.416795	14300.000000
1.416522	14120.000000
1.416249	13880.000000
1.415976	14040.000000
1.415703	13880.000000
1.415430	13680.000000
1.415157	13980.000000
1.414885	13760.000000
1.414612	13620.000000
1.414340	13440.000000
1.414068	13540.000000
1.413796	13180.000000
1.413524	12980.000000
1.413252	12720.000000
1.412980	12360.000000
1.412708	12820.000000
1.412436	12520.000000
1.412165	12800.000000
1.411893	12340.000000
1.411622	12120.000000
1.411351	12080.000000
1.411080	11740.000000
1.410809	12200.000000
1.410538	11800.000000
1.410267	11900.000000
1.409996	11740.000000
1.409726	11520.000000
1.409455	10900.000000
1.409185	11540.000000
1.408915	11280.000000
1.408644	11360.000000
1.408374	11120.000000
1.408104	11160.000000
1.407835	11200.000000
1.407565	10980.000000
1.407295	10900.000000
1.407026	10620.000000
1.406756	10660.000000
1.406487	10460.000000
1.406218	10600.000000
1.405948	10340.000000
1.405679	10400.000000
1.405410	10320.000000
1.405142	10400.000000
1.404873	10160.000000
1.404604	10300.000000
1.404336	10340.000000
1.404067	10460.000000
1.403799	10240.000000
1.403531	10300.000000
1.403263	9940.000000
1.402995	10160.000000
1.402727	10000.000000
1.402459	10140.000000
1.402191	9940.000000
1.401924	9760.000000
1.401656	9900.000000
1.401389	9960.000000
1.401121	10140.000000
1.400854	9940.000000
1.400587	9840.000000
1.400320	9840.000000
1.400053	9840.000000
1.399786	9820.000000
1.399520	9480.000000
1.399253	9140.000000
1.398987	9440.000000
1.398720	9860.000000
1.398454	9680.000000
1.398188	9600.000000
1.397922	9600.000000
1.397656	9860.000000
