1.551	1030.956
1.553	1064.603
1.556	1115.132
1.557	1131.471
1.558	1147.956
1.560	1166.294
1.564	1166.574
1.565	1163.029
1.566	1161.838
1.568	1153.250
1.569	1148.912
1.572	1142.412
1.574	1140.853
1.575	1151.191
1.576	1148.647
1.579	1154.912
1.581	1160.794
1.584	1155.956
1.584	1159.676
1.587	1160.044
1.589	1155.868
1.590	1155.912
1.595	1151.956
1.596	1154.676
1.598	1158.147
1.599	1155.574
1.602	1156.794
1.605	1152.794
1.607	1153.838
1.609	1149.176
1.611	1151.941
1.612	1151.632
1.615	1146.235
1.618	979.162
1.620	1145.088
1.621	1141.309
1.623	1140.515
1.626	1138.000
1.628	1138.029
1.631	1138.971
1.633	1132.338
1.634	1132.941
1.637	1136.412
1.639	1130.412
1.642	1133.059
1.645	1131.235
1.646	1137.971
1.648	1127.912
1.650	1132.750
1.654	1134.574
1.656	1137.191
1.657	1141.132
1.660	1131.206
1.661	1137.882
1.665	1140.603
1.667	1140.191
1.669	1145.441
1.671	1147.206
1.672	1146.250
1.676	979.397
1.679	1160.956
1.681	1151.897
1.683	1154.309
1.685	1157.515
1.686	1153.191
1.690	1161.500
1.693	1165.132
1.694	1154.676
1.697	1160.676
1.699	1158.088
1.702	1156.779
1.705	1156.735
1.706	1159.441
1.708	1169.647
1.711	1161.544
1.714	1171.382
1.716	1175.985
1.712	1167.971
1.720	1177.765
1.722	1170.971
1.726	1175.882
1.729	1183.926
1.730	1181.441
1.733	1171.147
1.735	1174.794
1.737	1178.912
1.741	1179.765
1.743	1174.015
1.744	1179.103
1.748	1175.676
1.751	1175.118
