03/12/2020 13:53
Laser wavelength: -3
N to average: 1
Int: 0.05 s
LambdaCenter: 800.0 nm
grating: 0 
Incident_Pol:  Circular
Detection_Pol:  Unpolarized

 -------------
Grating 0=300 gr 1000 nm/mirror
Grating 1=900 gr 600 nm/600 gr 1000 nm
Grating 2=1800 gr 500 nm
1.735448	0.000000
1.735038	80.000000
1.734628	100.000000
1.734219	60.000000
1.733809	-140.000000
1.733400	40.000000
1.732991	20.000000
1.732583	-60.000000
1.732174	120.000000
1.731766	-60.000000
1.731358	80.000000
1.730950	200.000000
1.730542	0.000000
1.730134	20.000000
1.729727	180.000000
1.729320	100.000000
1.728913	120.000000
1.728506	140.000000
1.728099	160.000000
1.727693	100.000000
1.727286	180.000000
1.726880	140.000000
1.726475	140.000000
1.726069	80.000000
1.725663	80.000000
1.725258	80.000000
1.724853	140.000000
1.724448	160.000000
1.724043	40.000000
1.723639	100.000000
1.723234	80.000000
1.722830	60.000000
1.722426	140.000000
1.722023	-60.000000
1.721619	40.000000
1.721216	160.000000
1.720812	180.000000
1.720409	120.000000
1.720006	180.000000
1.719604	20.000000
1.719201	0.000000
1.718799	100.000000
1.718397	60.000000
1.717995	280.000000
1.717593	100.000000
1.717192	60.000000
1.716791	-20.000000
1.716389	140.000000
1.715989	20.000000
1.715588	100.000000
1.715187	120.000000
1.714787	260.000000
1.714387	160.000000
1.713987	40.000000
1.713587	140.000000
1.713187	80.000000
1.712788	0.000000
1.712388	100.000000
1.711989	60.000000
1.711590	-60.000000
1.711192	100.000000
1.710793	40.000000
1.710395	40.000000
1.709997	80.000000
1.709599	80.000000
1.709201	120.000000
1.708803	0.000000
1.708406	200.000000
1.708009	-40.000000
1.707612	60.000000
1.707215	200.000000
1.706818	40.000000
1.706422	80.000000
1.706025	120.000000
1.705629	0.000000
1.705233	40.000000
1.704837	-20.000000
1.704442	40.000000
1.704046	-60.000000
1.703651	40.000000
1.703256	60.000000
1.702861	180.000000
1.702467	140.000000
1.702072	160.000000
1.701678	160.000000
1.701284	180.000000
1.700890	40.000000
1.700496	-140.000000
1.700103	100.000000
1.699709	100.000000
1.699316	100.000000
1.698923	160.000000
1.698530	160.000000
1.698138	180.000000
1.697745	20.000000
1.697353	-120.000000
1.696961	80.000000
1.696569	60.000000
1.696177	-40.000000
1.695785	160.000000
1.695394	80.000000
1.695003	180.000000
1.694612	60.000000
1.694221	80.000000
1.693830	60.000000
1.693440	220.000000
1.693050	240.000000
1.692659	80.000000
1.692269	140.000000
1.691880	-20.000000
1.691490	0.000000
1.691101	-60.000000
1.690711	60.000000
1.690322	200.000000
1.689934	140.000000
1.689545	240.000000
1.689156	-20.000000
1.688768	0.000000
1.688380	60.000000
1.687992	180.000000
1.687604	180.000000
1.687217	180.000000
1.686829	60.000000
1.686442	160.000000
1.686055	160.000000
1.685668	280.000000
1.685281	60.000000
1.684895	160.000000
1.684508	120.000000
1.684122	140.000000
1.683736	40.000000
1.683350	80.000000
1.682964	0.000000
1.682579	60.000000
1.682194	100.000000
1.681809	20.000000
1.681424	140.000000
1.681039	80.000000
1.680654	240.000000
1.680270	140.000000
1.679885	140.000000
1.679501	120.000000
1.679117	80.000000
1.678734	-40.000000
1.678350	120.000000
1.677967	40.000000
1.677584	-60.000000
1.677201	240.000000
1.676818	60.000000
1.676435	220.000000
1.676053	40.000000
1.675670	260.000000
1.675288	0.000000
1.674906	100.000000
1.674524	40.000000
1.674143	240.000000
1.673761	-20.000000
1.673380	240.000000
1.672999	160.000000
1.672618	80.000000
1.672237	0.000000
1.671856	-40.000000
1.671476	140.000000
1.671096	140.000000
1.670716	120.000000
1.670336	160.000000
1.669956	160.000000
1.669577	220.000000
1.669197	20.000000
1.668818	100.000000
1.668439	160.000000
1.668060	-80.000000
1.667681	-140.000000
1.667303	60.000000
1.666925	120.000000
1.666546	180.000000
1.666168	220.000000
1.665790	120.000000
1.665413	180.000000
1.665035	60.000000
1.664658	0.000000
1.664281	180.000000
1.663904	300.000000
1.663527	100.000000
1.663150	120.000000
1.662774	140.000000
1.662398	60.000000
1.662022	180.000000
1.661646	80.000000
1.661270	240.000000
1.660894	360.000000
1.660519	180.000000
1.660143	80.000000
1.659768	260.000000
1.659393	80.000000
1.659019	160.000000
1.658644	-60.000000
1.658270	160.000000
1.657895	160.000000
1.657521	60.000000
1.657147	280.000000
1.656774	160.000000
1.656400	-40.000000
1.656027	100.000000
1.655653	160.000000
1.655280	220.000000
1.654907	140.000000
1.654535	100.000000
1.654162	60.000000
1.653790	60.000000
1.653417	-20.000000
1.653045	80.000000
1.652673	160.000000
1.652302	100.000000
1.651930	340.000000
1.651559	100.000000
1.651187	100.000000
1.650816	40.000000
1.650445	180.000000
1.650075	160.000000
1.649704	240.000000
1.649334	40.000000
1.648964	280.000000
1.648593	140.000000
1.648224	160.000000
1.647854	0.000000
1.647484	40.000000
1.647115	80.000000
1.646746	40.000000
1.646376	160.000000
1.646008	120.000000
1.645639	220.000000
1.645270	140.000000
1.644902	240.000000
1.644534	140.000000
1.644166	160.000000
1.643798	-80.000000
1.643430	100.000000
1.643062	60.000000
1.642695	60.000000
1.642328	80.000000
1.641960	180.000000
1.641594	240.000000
1.641227	40.000000
1.640860	140.000000
1.640494	120.000000
1.640127	100.000000
1.639761	100.000000
1.639395	120.000000
1.639030	100.000000
1.638664	240.000000
1.638298	200.000000
1.637933	180.000000
1.637568	140.000000
1.637203	20.000000
1.636838	180.000000
1.636474	260.000000
1.636109	100.000000
1.635745	220.000000
1.635381	180.000000
1.635017	100.000000
1.634653	220.000000
1.634289	20.000000
1.633926	160.000000
1.633562	220.000000
1.633199	-20.000000
1.632836	260.000000
1.632473	180.000000
1.632110	-40.000000
1.631748	220.000000
1.631385	-20.000000
1.631023	180.000000
1.630661	140.000000
1.630299	60.000000
1.629938	140.000000
1.629576	100.000000
1.629215	0.000000
1.628853	200.000000
1.628492	120.000000
1.628131	440.000000
1.627770	320.000000
1.627410	280.000000
1.627049	40.000000
1.626689	40.000000
1.626329	100.000000
1.625969	200.000000
1.625609	180.000000
1.625249	80.000000
1.624890	140.000000
1.624531	300.000000
1.624171	340.000000
1.623812	80.000000
1.623453	220.000000
1.623095	220.000000
1.622736	100.000000
1.622378	20.000000
1.622020	160.000000
1.621662	220.000000
1.621304	220.000000
1.620946	40.000000
1.620588	40.000000
1.620231	100.000000
1.619873	100.000000
1.619516	60.000000
1.619159	20.000000
1.618803	200.000000
1.618446	160.000000
1.618089	60.000000
1.617733	60.000000
1.617377	160.000000
1.617021	100.000000
1.616665	0.000000
1.616309	180.000000
1.615954	220.000000
1.615598	220.000000
1.615243	-20.000000
1.614888	80.000000
1.614533	180.000000
1.614178	140.000000
1.613824	160.000000
1.613469	220.000000
1.613115	280.000000
1.612761	60.000000
1.612407	40.000000
1.612053	100.000000
1.611699	140.000000
1.611346	240.000000
1.610992	180.000000
1.610639	180.000000
1.610286	140.000000
1.609933	60.000000
1.609580	180.000000
1.609228	220.000000
1.608875	60.000000
1.608523	60.000000
1.608171	140.000000
1.607819	220.000000
1.607467	140.000000
1.607115	120.000000
1.606764	-120.000000
1.606412	140.000000
1.606061	100.000000
1.605710	180.000000
1.605359	260.000000
1.605008	-60.000000
1.604658	240.000000
1.604307	20.000000
1.603957	180.000000
1.603607	200.000000
1.603257	-100.000000
1.602907	100.000000
1.602557	80.000000
1.602208	160.000000
1.601858	200.000000
1.601509	280.000000
1.601160	280.000000
1.600811	160.000000
1.600462	140.000000
1.600114	100.000000
1.599765	140.000000
1.599417	320.000000
1.599069	120.000000
1.598721	100.000000
1.598373	120.000000
1.598025	260.000000
1.597678	240.000000
1.597330	0.000000
1.596983	160.000000
1.596636	20.000000
1.596289	220.000000
1.595942	260.000000
1.595595	320.000000
1.595249	240.000000
1.594902	60.000000
1.594556	180.000000
1.594210	300.000000
1.593864	-40.000000
1.593519	180.000000
1.593173	280.000000
1.592828	180.000000
1.592482	220.000000
1.592137	280.000000
1.591792	240.000000
1.591447	320.000000
1.591102	220.000000
1.590758	160.000000
1.590413	160.000000
1.590069	400.000000
1.589725	320.000000
1.589381	240.000000
1.589037	100.000000
1.588694	220.000000
1.588350	100.000000
1.588007	200.000000
1.587664	180.000000
1.587321	220.000000
1.586978	320.000000
1.586635	240.000000
1.586292	220.000000
1.585950	320.000000
1.585607	240.000000
1.585265	200.000000
1.584923	220.000000
1.584581	240.000000
1.584240	120.000000
1.583898	260.000000
1.583556	200.000000
1.583215	240.000000
1.582874	320.000000
1.582533	340.000000
1.582192	260.000000
1.581851	240.000000
1.581511	220.000000
1.581170	200.000000
1.580830	420.000000
1.580490	240.000000
1.580150	260.000000
1.579810	220.000000
1.579471	220.000000
1.579131	280.000000
1.578792	400.000000
1.578452	180.000000
1.578113	280.000000
1.577774	380.000000
1.577436	260.000000
1.577097	300.000000
1.576758	500.000000
1.576420	320.000000
1.576082	200.000000
1.575744	420.000000
1.575406	460.000000
1.575068	220.000000
1.574730	260.000000
1.574393	200.000000
1.574055	400.000000
1.573718	260.000000
1.573381	200.000000
1.573044	440.000000
1.572707	380.000000
1.572371	400.000000
1.572034	420.000000
1.571698	440.000000
1.571362	440.000000
1.571026	360.000000
1.570690	460.000000
1.570354	300.000000
1.570018	260.000000
1.569683	520.000000
1.569347	380.000000
1.569012	380.000000
1.568677	540.000000
1.568342	300.000000
1.568008	320.000000
1.567673	380.000000
1.567338	520.000000
1.567004	440.000000
1.566670	500.000000
1.566336	480.000000
1.566002	660.000000
1.565668	480.000000
1.565334	520.000000
1.565001	520.000000
1.564668	780.000000
1.564334	580.000000
1.564001	600.000000
1.563668	740.000000
1.563336	820.000000
1.563003	840.000000
1.562670	800.000000
1.562338	860.000000
1.562006	960.000000
1.561674	1040.000000
1.561342	1320.000000
1.561010	1440.000000
1.560678	1400.000000
1.560347	1360.000000
1.560016	1580.000000
1.559684	1660.000000
1.559353	1840.000000
1.559022	2040.000000
1.558692	2360.000000
1.558361	2780.000000
1.558030	3320.000000
1.557700	3720.000000
1.557370	4720.000000
1.557040	5680.000000
1.556710	6580.000000
1.556380	8140.000000
1.556050	9980.000000
1.555721	12360.000000
1.555391	15120.000000
1.555062	18540.000000
1.554733	23140.000000
1.554404	28640.000000
1.554075	36400.000000
1.553746	45500.000000
1.553418	56840.000000
1.553089	72140.000000
1.552761	90660.000000
1.552433	113660.000000
1.552105	143420.000000
1.551777	179400.000000
1.551449	223480.000000
1.551122	280260.000000
1.550794	346460.000000
1.550467	429740.000000
1.550140	528000.000000
1.549812	650060.000000
1.549486	793640.000000
1.549159	963400.000000
1.548832	1156140.000000
1.548506	1390300.000000
1.548179	1648800.000000
1.547853	1937480.000000
1.547527	2257160.000000
1.547201	2607740.000000
1.546875	2968280.000000
1.546550	3368420.000000
1.546224	3768460.000000
1.545899	4177700.000000
1.545573	4572380.000000
1.545248	4958560.000000
1.544923	5305760.000000
1.544598	5619800.000000
1.544274	5870500.000000
1.543949	6077820.000000
1.543625	6206720.000000
1.543300	6263280.000000
1.542976	6267020.000000
1.542652	6199120.000000
1.542328	6068820.000000
1.542005	5884740.000000
1.541681	5636640.000000
1.541357	5357000.000000
1.541034	5051380.000000
1.540711	4718800.000000
1.540388	4374960.000000
1.540065	4022620.000000
1.539742	3682940.000000
1.539419	3353040.000000
1.539097	3041520.000000
1.538774	2740380.000000
1.538452	2457060.000000
1.538130	2193940.000000
1.537808	1942440.000000
1.537486	1717440.000000
1.537164	1517900.000000
1.536843	1340720.000000
1.536521	1175860.000000
1.536200	1030360.000000
1.535879	904400.000000
1.535558	792300.000000
1.535237	694300.000000
1.534916	606200.000000
1.534595	532940.000000
1.534275	465660.000000
1.533954	404140.000000
1.533634	354880.000000
1.533314	309140.000000
1.532994	271100.000000
1.532674	238600.000000
1.532355	208220.000000
1.532035	183540.000000
1.531715	162680.000000
1.531396	142500.000000
1.531077	125360.000000
1.530758	110920.000000
1.530439	98340.000000
1.530120	87100.000000
1.529802	78320.000000
1.529483	69360.000000
1.529165	62100.000000
1.528846	56240.000000
1.528528	49740.000000
1.528210	45120.000000
1.527892	40660.000000
1.527575	37040.000000
1.527257	33160.000000
1.526940	30720.000000
1.526622	27520.000000
1.526305	25360.000000
1.525988	23140.000000
1.525671	21400.000000
1.525354	19780.000000
1.525038	17840.000000
1.524721	16720.000000
1.524405	15580.000000
1.524088	14560.000000
1.523772	13460.000000
1.523456	12840.000000
1.523140	11960.000000
1.522825	10960.000000
1.522509	10320.000000
1.522193	9720.000000
1.521878	9300.000000
1.521563	9100.000000
1.521248	8760.000000
1.520933	8300.000000
1.520618	8000.000000
1.520303	7980.000000
1.519989	8060.000000
1.519674	7620.000000
1.519360	7800.000000
1.519046	7660.000000
1.518732	7660.000000
1.518418	7300.000000
1.518104	7640.000000
1.517790	7400.000000
1.517477	7940.000000
1.517163	8100.000000
1.516850	8400.000000
1.516537	8480.000000
1.516224	9000.000000
1.515911	9480.000000
1.515598	9980.000000
1.515285	10240.000000
1.514973	10440.000000
1.514661	11020.000000
1.514348	11760.000000
1.514036	12420.000000
1.513724	13120.000000
1.513412	13660.000000
1.513101	14460.000000
1.512789	15320.000000
1.512478	16020.000000
1.512166	16480.000000
1.511855	17800.000000
1.511544	18540.000000
1.511233	19500.000000
1.510922	19920.000000
1.510611	20620.000000
1.510301	22040.000000
1.509990	22900.000000
1.509680	24420.000000
1.509370	24880.000000
1.509060	26220.000000
1.508750	26820.000000
1.508440	27800.000000
1.508130	28120.000000
1.507821	28880.000000
1.507511	29500.000000
1.507202	29400.000000
1.506893	30040.000000
1.506584	30180.000000
1.506275	30920.000000
1.505966	29560.000000
1.505657	29560.000000
1.505349	29000.000000
1.505040	29380.000000
1.504732	28520.000000
1.504424	28080.000000
1.504116	27880.000000
1.503808	27120.000000
1.503500	28140.000000
1.503192	27420.000000
1.502885	27100.000000
1.502577	27500.000000
1.502270	26880.000000
1.501963	27000.000000
1.501656	27000.000000
1.501349	27120.000000
1.501042	27600.000000
1.500736	27960.000000
1.500429	28660.000000
1.500123	29580.000000
1.499816	30000.000000
1.499510	30820.000000
1.499204	31640.000000
1.498898	32940.000000
1.498592	33940.000000
1.498287	34440.000000
1.497981	35800.000000
1.497676	37400.000000
1.497371	39180.000000
1.497065	40320.000000
1.496760	42560.000000
1.496455	44720.000000
1.496151	46400.000000
1.495846	49420.000000
1.495541	51900.000000
1.495237	54860.000000
1.494933	58300.000000
1.494629	61860.000000
1.494325	65580.000000
1.494021	70020.000000
1.493717	74540.000000
1.493413	78980.000000
1.493110	85240.000000
1.492806	91040.000000
1.492503	95860.000000
1.492200	103120.000000
1.491897	108860.000000
1.491594	116740.000000
1.491291	124780.000000
1.490988	132440.000000
1.490686	140240.000000
1.490383	147740.000000
1.490081	155040.000000
1.489779	163720.000000
1.489477	171120.000000
1.489175	178520.000000
1.488873	185240.000000
1.488571	192420.000000
1.488269	198880.000000
1.487968	206560.000000
1.487667	210420.000000
1.487365	216340.000000
1.487064	219840.000000
1.486763	223760.000000
1.486463	224820.000000
1.486162	227500.000000
1.485861	230020.000000
1.485561	229880.000000
1.485260	231420.000000
1.484960	230280.000000
1.484660	229340.000000
1.484360	228940.000000
1.484060	226260.000000
1.483760	225180.000000
1.483461	224000.000000
1.483161	219420.000000
1.482862	217920.000000
1.482562	215200.000000
1.482263	212620.000000
1.481964	208980.000000
1.481665	205620.000000
1.481367	202320.000000
1.481068	200060.000000
1.480769	195960.000000
1.480471	192400.000000
1.480173	189940.000000
1.479874	185960.000000
1.479576	184460.000000
1.479278	180400.000000
1.478980	177620.000000
1.478683	173360.000000
1.478385	170260.000000
1.478088	167660.000000
1.477790	164160.000000
1.477493	162280.000000
1.477196	158680.000000
1.476899	156200.000000
1.476602	152760.000000
1.476305	149340.000000
1.476009	146360.000000
1.475712	142880.000000
1.475416	141380.000000
1.475120	138280.000000
1.474823	135360.000000
1.474527	131720.000000
1.474231	128960.000000
1.473936	125900.000000
1.473640	123500.000000
1.473344	122200.000000
1.473049	117840.000000
1.472754	115000.000000
1.472458	112520.000000
1.472163	110500.000000
1.471868	108120.000000
1.471573	104080.000000
1.471279	102420.000000
1.470984	100440.000000
1.470690	97000.000000
1.470395	94900.000000
1.470101	92660.000000
1.469807	90560.000000
1.469513	88700.000000
1.469219	84940.000000
1.468925	83160.000000
1.468631	80520.000000
1.468338	78720.000000
1.468044	76360.000000
1.467751	74200.000000
1.467458	71820.000000
1.467165	70200.000000
1.466872	68980.000000
1.466579	66360.000000
1.466286	63560.000000
1.465993	61960.000000
1.465701	60800.000000
1.465409	59000.000000
1.465116	57380.000000
1.464824	55000.000000
1.464532	53260.000000
1.464240	51680.000000
1.463948	50540.000000
1.463657	49280.000000
1.463365	47640.000000
1.463074	46180.000000
1.462782	45020.000000
1.462491	43100.000000
1.462200	41880.000000
1.461909	40100.000000
1.461618	39520.000000
1.461327	37660.000000
1.461037	37440.000000
1.460746	35940.000000
1.460456	34740.000000
1.460165	33820.000000
1.459875	33140.000000
1.459585	31700.000000
1.459295	31460.000000
1.459005	30120.000000
1.458716	29440.000000
1.458426	28400.000000
1.458136	27620.000000
1.457847	26900.000000
1.457558	26060.000000
1.457269	25740.000000
1.456980	24760.000000
1.456691	24560.000000
1.456402	23780.000000
1.456113	24140.000000
1.455825	23080.000000
1.455536	22780.000000
1.455248	22440.000000
1.454960	22380.000000
1.454671	21760.000000
1.454383	22000.000000
1.454096	21480.000000
1.453808	20780.000000
1.453520	20660.000000
1.453233	20840.000000
1.452945	20860.000000
1.452658	20100.000000
1.452371	19640.000000
1.452083	19740.000000
1.451796	19700.000000
1.451510	19300.000000
1.451223	19240.000000
1.450936	18980.000000
1.450650	19020.000000
1.450363	18840.000000
1.450077	18240.000000
1.449791	18320.000000
1.449505	17800.000000
1.449219	17560.000000
1.448933	17640.000000
1.448647	16700.000000
1.448361	16400.000000
1.448076	16300.000000
1.447791	15940.000000
1.447505	15920.000000
1.447220	15400.000000
1.446935	15260.000000
1.446650	15120.000000
1.446365	14400.000000
1.446081	14020.000000
1.445796	13760.000000
1.445511	13640.000000
1.445227	13360.000000
1.444943	13060.000000
1.444659	12700.000000
1.444374	12660.000000
1.444091	12120.000000
1.443807	12180.000000
1.443523	11980.000000
1.443239	11180.000000
1.442956	10680.000000
1.442672	10860.000000
1.442389	10500.000000
1.442106	10320.000000
1.441823	10060.000000
1.441540	9720.000000
1.441257	9700.000000
1.440974	9580.000000
1.440692	9360.000000
1.440409	9100.000000
1.440127	8800.000000
1.439845	8740.000000
1.439563	8640.000000
1.439280	8040.000000
1.438999	7960.000000
1.438717	7960.000000
1.438435	7460.000000
1.438153	7500.000000
1.437872	7160.000000
1.437590	6920.000000
1.437309	7060.000000
1.437028	7080.000000
1.436747	6560.000000
1.436466	6800.000000
1.436185	6560.000000
1.435904	6380.000000
1.435624	6340.000000
1.435343	6100.000000
1.435063	5940.000000
1.434783	6020.000000
1.434502	5720.000000
1.434222	5520.000000
1.433942	5360.000000
1.433662	5360.000000
1.433383	5260.000000
1.433103	4840.000000
1.432824	4840.000000
1.432544	5040.000000
1.432265	4760.000000
1.431986	4540.000000
1.431706	4360.000000
1.431427	4360.000000
1.431149	4280.000000
1.430870	4280.000000
1.430591	4020.000000
1.430313	4060.000000
1.430034	4340.000000
1.429756	3920.000000
1.429478	3900.000000
1.429199	3900.000000
1.428921	3520.000000
1.428644	3620.000000
1.428366	3540.000000
1.428088	3420.000000
1.427811	3500.000000
1.427533	3560.000000
1.427256	3220.000000
1.426978	3100.000000
1.426701	3060.000000
1.426424	3080.000000
1.426147	3000.000000
1.425870	2900.000000
1.425594	2820.000000
1.425317	2660.000000
1.425041	2740.000000
1.424764	2840.000000
1.424488	2600.000000
1.424212	2780.000000
1.423936	2700.000000
1.423660	2440.000000
1.423384	2460.000000
1.423108	2500.000000
1.422832	2400.000000
1.422557	2280.000000
1.422281	2380.000000
1.422006	2200.000000
1.421731	2360.000000
1.421456	2240.000000
1.421181	2180.000000
1.420906	2480.000000
1.420631	2320.000000
1.420356	2340.000000
1.420082	2080.000000
1.419807	2240.000000
1.419533	2220.000000
1.419259	2100.000000
1.418985	2180.000000
1.418711	2120.000000
1.418437	2080.000000
1.418163	2160.000000
1.417889	2060.000000
1.417615	2040.000000
1.417342	1920.000000
1.417068	2100.000000
1.416795	2060.000000
1.416522	2220.000000
1.416249	1840.000000
1.415976	1880.000000
1.415703	1980.000000
1.415430	2180.000000
1.415157	1940.000000
1.414885	1920.000000
1.414612	1880.000000
1.414340	1920.000000
1.414068	1800.000000
1.413796	1780.000000
1.413524	1960.000000
1.413252	1700.000000
1.412980	2060.000000
1.412708	1680.000000
1.412436	1880.000000
1.412165	1940.000000
1.411893	1840.000000
1.411622	1540.000000
1.411351	1620.000000
1.411080	1800.000000
1.410809	1820.000000
1.410538	1660.000000
1.410267	1820.000000
1.409996	1680.000000
1.409726	1760.000000
1.409455	1720.000000
1.409185	1520.000000
1.408915	1580.000000
1.408644	1500.000000
1.408374	1680.000000
1.408104	1480.000000
1.407835	1440.000000
1.407565	1700.000000
1.407295	1480.000000
1.407026	1540.000000
1.406756	1260.000000
1.406487	1640.000000
1.406218	1280.000000
1.405948	1680.000000
1.405679	1420.000000
1.405410	1320.000000
1.405142	1400.000000
1.404873	1260.000000
1.404604	1160.000000
1.404336	1420.000000
1.404067	1500.000000
1.403799	1320.000000
1.403531	1220.000000
1.403263	1380.000000
1.402995	1300.000000
1.402727	1220.000000
1.402459	1140.000000
1.402191	1300.000000
1.401924	1260.000000
1.401656	1240.000000
1.401389	1380.000000
1.401121	1060.000000
1.400854	1340.000000
1.400587	1220.000000
1.400320	1180.000000
1.400053	1180.000000
1.399786	1180.000000
1.399520	1200.000000
1.399253	1100.000000
1.398987	1400.000000
1.398720	1200.000000
1.398454	920.000000
1.398188	1260.000000
1.397922	1120.000000
1.397656	1040.000000
