03/12/2020 13:38
Laser wavelength: -3
N to average: 1
Int: 1.00 s
LambdaCenter: 840.0 nm
grating: 0 
Incident_Pol:  Circular
Detection_Pol:  Unpolarized

 -------------
Grating 0=300 gr 1000 nm/mirror
Grating 1=900 gr 600 nm/600 gr 1000 nm
Grating 2=1800 gr 500 nm
1.642231	117.000000
1.641866	106.000000
1.641502	120.000000
1.641137	116.000000
1.640773	110.000000
1.640409	117.000000
1.640045	114.000000
1.639681	115.000000
1.639318	111.000000
1.638955	123.000000
1.638591	111.000000
1.638228	118.000000
1.637865	104.000000
1.637503	110.000000
1.637140	100.000000
1.636778	105.000000
1.636415	105.000000
1.636053	116.000000
1.635691	106.000000
1.635330	113.000000
1.634968	109.000000
1.634607	109.000000
1.634245	128.000000
1.633884	116.000000
1.633523	114.000000
1.633162	127.000000
1.632802	119.000000
1.632441	105.000000
1.632081	129.000000
1.631721	120.000000
1.631361	130.000000
1.631001	117.000000
1.630641	123.000000
1.630281	124.000000
1.629922	120.000000
1.629563	117.000000
1.629204	120.000000
1.628845	108.000000
1.628486	122.000000
1.628128	123.000000
1.627769	120.000000
1.627411	121.000000
1.627053	108.000000
1.626695	111.000000
1.626337	96.000000
1.625979	100.000000
1.625622	107.000000
1.625264	113.000000
1.624907	107.000000
1.624550	119.000000
1.624193	117.000000
1.623837	109.000000
1.623480	120.000000
1.623124	107.000000
1.622767	104.000000
1.622411	108.000000
1.622055	93.000000
1.621700	120.000000
1.621344	105.000000
1.620989	110.000000
1.620633	119.000000
1.620278	109.000000
1.619923	112.000000
1.619568	113.000000
1.619214	107.000000
1.618859	102.000000
1.618505	100.000000
1.618151	98.000000
1.617796	105.000000
1.617443	114.000000
1.617089	103.000000
1.616735	111.000000
1.616382	111.000000
1.616029	107.000000
1.615675	100.000000
1.615322	115.000000
1.614970	111.000000
1.614617	110.000000
1.614264	118.000000
1.613912	100.000000
1.613560	118.000000
1.613208	115.000000
1.612856	108.000000
1.612504	104.000000
1.612153	114.000000
1.611801	112.000000
1.611450	106.000000
1.611099	120.000000
1.610748	100.000000
1.610397	104.000000
1.610046	119.000000
1.609696	109.000000
1.609345	107.000000
1.608995	100.000000
1.608645	93.000000
1.608295	114.000000
1.607945	122.000000
1.607596	111.000000
1.607246	104.000000
1.606897	104.000000
1.606548	112.000000
1.606199	115.000000
1.605850	101.000000
1.605501	121.000000
1.605153	113.000000
1.604804	114.000000
1.604456	112.000000
1.604108	119.000000
1.603760	110.000000
1.603412	115.000000
1.603065	110.000000
1.602717	111.000000
1.602370	126.000000
1.602023	106.000000
1.601676	109.000000
1.601329	112.000000
1.600982	111.000000
1.600635	102.000000
1.600289	113.000000
1.599943	117.000000
1.599597	115.000000
1.599251	113.000000
1.598905	107.000000
1.598559	102.000000
1.598213	116.000000
1.597868	93.000000
1.597523	101.000000
1.597178	118.000000
1.596833	99.000000
1.596488	109.000000
1.596143	118.000000
1.595799	104.000000
1.595455	102.000000
1.595110	101.000000
1.594766	107.000000
1.594422	109.000000
1.594079	118.000000
1.593735	104.000000
1.593392	118.000000
1.593048	102.000000
1.592705	119.000000
1.592362	108.000000
1.592019	119.000000
1.591677	95.000000
1.591334	112.000000
1.590992	115.000000
1.590649	118.000000
1.590307	113.000000
1.589965	115.000000
1.589623	110.000000
1.589282	100.000000
1.588940	118.000000
1.588599	111.000000
1.588257	120.000000
1.587916	112.000000
1.587575	120.000000
1.587235	98.000000
1.586894	115.000000
1.586553	109.000000
1.586213	121.000000
1.585873	116.000000
1.585533	124.000000
1.585193	125.000000
1.584853	118.000000
1.584513	109.000000
1.584174	118.000000
1.583835	104.000000
1.583495	110.000000
1.583156	110.000000
1.582817	104.000000
1.582479	123.000000
1.582140	113.000000
1.581801	116.000000
1.581463	122.000000
1.581125	120.000000
1.580787	113.000000
1.580449	121.000000
1.580111	114.000000
1.579774	105.000000
1.579436	113.000000
1.579099	118.000000
1.578762	111.000000
1.578425	114.000000
1.578088	115.000000
1.577751	113.000000
1.577414	110.000000
1.577078	106.000000
1.576742	107.000000
1.576405	111.000000
1.576069	113.000000
1.575734	113.000000
1.575398	99.000000
1.575062	128.000000
1.574727	102.000000
1.574391	114.000000
1.574056	113.000000
1.573721	116.000000
1.573386	112.000000
1.573052	115.000000
1.572717	118.000000
1.572383	123.000000
1.572048	120.000000
1.571714	117.000000
1.571380	118.000000
1.571046	109.000000
1.570712	109.000000
1.570379	112.000000
1.570045	118.000000
1.569712	115.000000
1.569379	102.000000
1.569046	109.000000
1.568713	119.000000
1.568380	113.000000
1.568048	116.000000
1.567715	105.000000
1.567383	116.000000
1.567051	116.000000
1.566718	108.000000
1.566387	121.000000
1.566055	121.000000
1.565723	110.000000
1.565392	115.000000
1.565060	109.000000
1.564729	120.000000
1.564398	123.000000
1.564067	106.000000
1.563736	112.000000
1.563406	118.000000
1.563075	108.000000
1.562745	123.000000
1.562415	112.000000
1.562084	126.000000
1.561754	113.000000
1.561425	125.000000
1.561095	120.000000
1.560765	123.000000
1.560436	116.000000
1.560107	107.000000
1.559778	117.000000
1.559449	115.000000
1.559120	110.000000
1.558791	122.000000
1.558463	112.000000
1.558134	110.000000
1.557806	120.000000
1.557478	111.000000
1.557150	114.000000
1.556822	104.000000
1.556494	122.000000
1.556167	100.000000
1.555839	118.000000
1.555512	109.000000
1.555185	108.000000
1.554858	107.000000
1.554531	103.000000
1.554204	129.000000
1.553877	116.000000
1.553551	117.000000
1.553224	120.000000
1.552898	111.000000
1.552572	122.000000
1.552246	109.000000
1.551920	112.000000
1.551595	112.000000
1.551269	119.000000
1.550944	118.000000
1.550618	113.000000
1.550293	116.000000
1.549968	112.000000
1.549644	106.000000
1.549319	103.000000
1.548994	109.000000
1.548670	117.000000
1.548345	129.000000
1.548021	109.000000
1.547697	109.000000
1.547373	108.000000
1.547050	124.000000
1.546726	124.000000
1.546402	108.000000
1.546079	111.000000
1.545756	109.000000
1.545433	108.000000
1.545110	111.000000
1.544787	103.000000
1.544464	104.000000
1.544142	115.000000
1.543819	132.000000
1.543497	114.000000
1.543175	110.000000
1.542853	112.000000
1.542531	97.000000
1.542209	105.000000
1.541888	117.000000
1.541566	104.000000
1.541245	100.000000
1.540924	110.000000
1.540603	101.000000
1.540282	110.000000
1.539961	117.000000
1.539640	117.000000
1.539320	118.000000
1.538999	103.000000
1.538679	111.000000
1.538359	107.000000
1.538039	111.000000
1.537719	116.000000
1.537399	98.000000
1.537080	115.000000
1.536760	129.000000
1.536441	103.000000
1.536122	125.000000
1.535802	120.000000
1.535484	108.000000
1.535165	103.000000
1.534846	118.000000
1.534528	109.000000
1.534209	119.000000
1.533891	112.000000
1.533573	109.000000
1.533255	115.000000
1.532937	116.000000
1.532619	112.000000
1.532301	118.000000
1.531984	106.000000
1.531667	101.000000
1.531349	106.000000
1.531032	107.000000
1.530715	105.000000
1.530398	113.000000
1.530082	109.000000
1.529765	127.000000
1.529449	105.000000
1.529132	118.000000
1.528816	109.000000
1.528500	109.000000
1.528184	123.000000
1.527868	128.000000
1.527553	125.000000
1.527237	127.000000
1.526922	135.000000
1.526607	126.000000
1.526291	130.000000
1.525976	140.000000
1.525662	136.000000
1.525347	130.000000
1.525032	155.000000
1.524718	157.000000
1.524403	180.000000
1.524089	174.000000
1.523775	194.000000
1.523461	211.000000
1.523147	241.000000
1.522834	244.000000
1.522520	304.000000
1.522207	332.000000
1.521893	388.000000
1.521580	432.000000
1.521267	509.000000
1.520954	578.000000
1.520641	716.000000
1.520329	837.000000
1.520016	970.000000
1.519704	1156.000000
1.519391	1402.000000
1.519079	1680.000000
1.518767	2036.000000
1.518455	2433.000000
1.518143	2939.000000
1.517832	3536.000000
1.517520	4277.000000
1.517209	5137.000000
1.516898	6263.000000
1.516586	7471.000000
1.516275	8950.000000
1.515964	11039.000000
1.515654	13732.000000
1.515343	17463.000000
1.515033	22812.000000
1.514722	30173.000000
1.514412	38073.000000
1.514102	46202.000000
1.513792	55301.000000
1.513482	64859.000000
1.513172	73082.000000
1.512863	79080.000000
1.512553	84009.000000
1.512244	87503.000000
1.511935	90113.000000
1.511625	91249.000000
1.511316	89496.000000
1.511008	86102.000000
1.510699	80611.000000
1.510390	73381.000000
1.510082	63998.000000
1.509773	55244.000000
1.509465	48394.000000
1.509157	42330.000000
1.508849	36717.000000
1.508541	31117.000000
1.508234	24804.000000
1.507926	19735.000000
1.507618	15277.000000
1.507311	11824.000000
1.507004	9886.000000
1.506697	8349.000000
1.506390	7257.000000
1.506083	6387.000000
1.505776	5698.000000
1.505470	5295.000000
1.505163	4969.000000
1.504857	4794.000000
1.504551	4717.000000
1.504245	4694.000000
1.503939	4772.000000
1.503633	4890.000000
1.503327	5168.000000
1.503021	5443.000000
1.502716	5855.000000
1.502411	6290.000000
1.502105	6802.000000
1.501800	7352.000000
1.501495	7895.000000
1.501190	8569.000000
1.500886	9235.000000
1.500581	10112.000000
1.500277	10924.000000
1.499972	11873.000000
1.499668	12940.000000
1.499364	14025.000000
1.499060	15359.000000
1.498756	16906.000000
1.498452	18479.000000
1.498149	20367.000000
1.497845	22610.000000
1.497542	25162.000000
1.497239	28088.000000
1.496935	31395.000000
1.496632	35327.000000
1.496330	39784.000000
1.496027	45249.000000
1.495724	51474.000000
1.495422	58501.000000
1.495119	66901.000000
1.494817	76541.000000
1.494515	87542.000000
1.494213	100012.000000
1.493911	114342.000000
1.493609	129869.000000
1.493307	146264.000000
1.493006	163633.000000
1.492704	180364.000000
1.492403	197060.000000
1.492102	210449.000000
1.491801	222732.000000
1.491500	231992.000000
1.491199	239381.000000
1.490899	244452.000000
1.490598	248556.000000
1.490298	250319.000000
1.489997	251179.000000
1.489697	251070.000000
1.489397	249895.000000
1.489097	248834.000000
1.488797	246342.000000
1.488497	243126.000000
1.488198	239801.000000
1.487898	234897.000000
1.487599	228690.000000
1.487300	220765.000000
1.487001	211144.000000
1.486702	199999.000000
1.486403	187493.000000
1.486104	174224.000000
1.485805	160557.000000
1.485507	146451.000000
1.485208	132683.000000
1.484910	119494.000000
1.484612	107604.000000
1.484314	96555.000000
1.484016	86580.000000
1.483718	77141.000000
1.483421	68324.000000
1.483123	59824.000000
1.482826	51729.000000
1.482528	44298.000000
1.482231	37569.000000
1.481934	31695.000000
1.481637	26648.000000
1.481340	22368.000000
1.481043	18878.000000
1.480747	16021.000000
1.480450	13714.000000
1.480154	11828.000000
1.479858	10360.000000
1.479562	9089.000000
1.479266	8094.000000
1.478970	7211.000000
1.478674	6372.000000
1.478378	5781.000000
1.478083	5196.000000
1.477787	4664.000000
1.477492	4228.000000
1.477197	3824.000000
1.476902	3463.000000
1.476607	3162.000000
1.476312	2882.000000
1.476017	2653.000000
1.475723	2424.000000
1.475428	2218.000000
1.475134	2060.000000
1.474839	1880.000000
1.474545	1755.000000
1.474251	1619.000000
1.473957	1502.000000
1.473664	1366.000000
1.473370	1311.000000
1.473076	1217.000000
1.472783	1130.000000
1.472490	1056.000000
1.472197	1005.000000
1.471903	925.000000
1.471611	855.000000
1.471318	817.000000
1.471025	767.000000
1.470732	735.000000
1.470440	700.000000
1.470147	675.000000
1.469855	634.000000
1.469563	618.000000
1.469271	611.000000
1.468979	565.000000
1.468687	551.000000
1.468396	539.000000
1.468104	499.000000
1.467813	503.000000
1.467521	496.000000
1.467230	486.000000
1.466939	463.000000
1.466648	475.000000
1.466357	477.000000
1.466066	464.000000
1.465776	463.000000
1.465485	473.000000
1.465195	469.000000
1.464905	478.000000
1.464614	481.000000
1.464324	490.000000
1.464034	479.000000
1.463745	502.000000
1.463455	520.000000
1.463165	523.000000
1.462876	551.000000
1.462586	573.000000
1.462297	603.000000
1.462008	645.000000
1.461719	636.000000
1.461430	692.000000
1.461141	752.000000
1.460852	771.000000
1.460564	872.000000
1.460275	928.000000
1.459987	1029.000000
1.459699	1100.000000
1.459411	1196.000000
1.459123	1312.000000
1.458835	1409.000000
1.458547	1580.000000
1.458259	1743.000000
1.457972	1903.000000
1.457684	2082.000000
1.457397	2308.000000
1.457110	2526.000000
1.456823	2746.000000
1.456536	2977.000000
1.456249	3291.000000
1.455962	3493.000000
1.455675	3728.000000
1.455389	3909.000000
1.455103	4042.000000
1.454816	4222.000000
1.454530	4331.000000
1.454244	4356.000000
1.453958	4407.000000
1.453672	4459.000000
1.453386	4465.000000
1.453101	4509.000000
1.452815	4531.000000
1.452530	4574.000000
1.452245	4529.000000
1.451959	4510.000000
1.451674	4490.000000
1.451389	4453.000000
1.451104	4341.000000
1.450820	4281.000000
1.450535	4112.000000
1.450251	4029.000000
1.449966	3822.000000
1.449682	3617.000000
1.449398	3453.000000
1.449114	3250.000000
1.448830	3048.000000
1.448546	2867.000000
1.448262	2655.000000
1.447978	2470.000000
1.447695	2331.000000
1.447412	2151.000000
1.447128	1976.000000
1.446845	1829.000000
1.446562	1675.000000
1.446279	1541.000000
1.445996	1406.000000
1.445713	1275.000000
1.445431	1127.000000
1.445148	1023.000000
1.444866	932.000000
1.444584	836.000000
1.444301	781.000000
1.444019	707.000000
1.443737	641.000000
1.443456	595.000000
1.443174	545.000000
1.442892	495.000000
1.442611	461.000000
1.442329	419.000000
1.442048	393.000000
1.441767	369.000000
1.441486	337.000000
1.441205	323.000000
1.440924	306.000000
1.440643	290.000000
1.440362	276.000000
1.440082	263.000000
1.439801	251.000000
1.439521	262.000000
1.439241	231.000000
1.438961	234.000000
1.438681	234.000000
1.438401	225.000000
1.438121	224.000000
1.437841	212.000000
1.437562	193.000000
1.437282	199.000000
1.437003	196.000000
1.436724	208.000000
1.436445	192.000000
1.436166	187.000000
1.435887	172.000000
1.435608	193.000000
1.435329	168.000000
1.435051	176.000000
1.434772	163.000000
1.434494	184.000000
1.434216	178.000000
1.433938	179.000000
1.433659	178.000000
1.433382	168.000000
1.433104	180.000000
1.432826	181.000000
1.432548	185.000000
1.432271	189.000000
1.431994	186.000000
1.431716	180.000000
1.431439	174.000000
1.431162	185.000000
1.430885	171.000000
1.430608	171.000000
1.430331	177.000000
1.430055	186.000000
1.429778	174.000000
1.429502	189.000000
1.429225	195.000000
1.428949	179.000000
1.428673	189.000000
1.428397	191.000000
1.428121	190.000000
1.427845	205.000000
1.427570	192.000000
1.427294	210.000000
1.427019	184.000000
1.426743	201.000000
1.426468	203.000000
1.426193	199.000000
1.425918	218.000000
1.425643	218.000000
1.425368	211.000000
1.425093	203.000000
1.424819	216.000000
1.424544	225.000000
1.424270	236.000000
1.423996	223.000000
1.423721	235.000000
1.423447	224.000000
1.423173	230.000000
1.422899	223.000000
1.422626	241.000000
1.422352	231.000000
1.422078	229.000000
1.421805	244.000000
1.421532	272.000000
1.421258	256.000000
1.420985	258.000000
1.420712	269.000000
1.420439	250.000000
1.420166	286.000000
1.419894	279.000000
1.419621	276.000000
1.419348	285.000000
1.419076	297.000000
1.418804	301.000000
1.418532	302.000000
1.418259	326.000000
1.417987	315.000000
1.417716	319.000000
1.417444	311.000000
1.417172	321.000000
1.416900	299.000000
1.416629	322.000000
1.416358	308.000000
1.416086	310.000000
1.415815	300.000000
1.415544	305.000000
1.415273	323.000000
1.415002	318.000000
1.414732	306.000000
1.414461	303.000000
1.414190	313.000000
1.413920	302.000000
1.413650	309.000000
1.413379	292.000000
1.413109	295.000000
1.412839	297.000000
1.412569	274.000000
1.412300	296.000000
1.412030	301.000000
1.411760	289.000000
1.411491	288.000000
1.411221	300.000000
1.410952	297.000000
1.410683	294.000000
1.410414	272.000000
1.410145	283.000000
1.409876	295.000000
1.409607	266.000000
1.409338	286.000000
1.409070	286.000000
1.408801	280.000000
1.408533	283.000000
1.408265	273.000000
1.407996	277.000000
1.407728	285.000000
1.407460	294.000000
1.407193	289.000000
1.406925	298.000000
1.406657	303.000000
1.406390	283.000000
1.406122	299.000000
1.405855	271.000000
1.405587	285.000000
1.405320	281.000000
1.405053	288.000000
1.404786	292.000000
1.404519	275.000000
1.404253	287.000000
1.403986	259.000000
1.403719	252.000000
1.403453	275.000000
1.403187	249.000000
1.402920	253.000000
1.402654	250.000000
1.402388	231.000000
1.402122	233.000000
1.401856	222.000000
1.401591	202.000000
1.401325	203.000000
1.401060	197.000000
1.400794	215.000000
1.400529	190.000000
1.400264	187.000000
1.399998	187.000000
1.399733	181.000000
1.399468	184.000000
1.399204	180.000000
1.398939	169.000000
1.398674	170.000000
1.398410	172.000000
1.398145	166.000000
1.397881	159.000000
1.397617	166.000000
1.397353	161.000000
1.397089	170.000000
1.396825	158.000000
1.396561	163.000000
1.396297	168.000000
1.396033	167.000000
1.395770	155.000000
1.395506	144.000000
1.395243	159.000000
1.394980	140.000000
1.394717	159.000000
1.394454	156.000000
1.394191	151.000000
1.393928	146.000000
1.393665	151.000000
1.393402	146.000000
1.393140	135.000000
1.392877	137.000000
1.392615	138.000000
1.392353	138.000000
1.392091	134.000000
1.391829	144.000000
1.391567	129.000000
1.391305	136.000000
1.391043	136.000000
1.390781	123.000000
1.390520	146.000000
1.390258	125.000000
1.389997	127.000000
1.389736	120.000000
1.389475	131.000000
1.389214	116.000000
1.388953	123.000000
1.388692	126.000000
1.388431	109.000000
1.388170	131.000000
1.387910	122.000000
1.387649	116.000000
1.387389	108.000000
1.387129	113.000000
1.386868	126.000000
1.386608	115.000000
1.386348	114.000000
1.386088	122.000000
1.385829	117.000000
1.385569	112.000000
1.385309	108.000000
1.385050	102.000000
1.384790	125.000000
1.384531	119.000000
1.384272	121.000000
1.384013	116.000000
1.383754	111.000000
1.383495	109.000000
1.383236	111.000000
1.382977	104.000000
1.382719	111.000000
1.382460	122.000000
1.382202	112.000000
1.381943	99.000000
1.381685	104.000000
1.381427	119.000000
1.381169	108.000000
1.380911	113.000000
1.380653	108.000000
1.380395	101.000000
1.380138	112.000000
1.379880	109.000000
1.379623	108.000000
1.379365	104.000000
1.379108	109.000000
1.378851	109.000000
1.378594	99.000000
1.378337	102.000000
1.378080	116.000000
1.377823	97.000000
1.377566	103.000000
1.377310	105.000000
1.377053	123.000000
1.376797	118.000000
1.376540	113.000000
1.376284	112.000000
1.376028	118.000000
1.375772	106.000000
1.375516	116.000000
1.375260	121.000000
1.375004	124.000000
1.374749	123.000000
1.374493	126.000000
1.374238	116.000000
1.373982	125.000000
1.373727	126.000000
1.373472	122.000000
1.373217	120.000000
1.372962	117.000000
1.372707	116.000000
1.372452	131.000000
1.372197	142.000000
1.371943	127.000000
1.371688	144.000000
1.371434	137.000000
1.371179	139.000000
1.370925	133.000000
1.370671	141.000000
1.370417	142.000000
1.370163	156.000000
1.369909	141.000000
1.369655	149.000000
1.369402	146.000000
1.369148	149.000000
1.368895	167.000000
1.368641	165.000000
1.368388	159.000000
1.368135	161.000000
1.367882	171.000000
1.367629	179.000000
1.367376	178.000000
1.367123	170.000000
1.366870	173.000000
1.366618	174.000000
1.366365	180.000000
1.366113	195.000000
1.365860	176.000000
1.365608	181.000000
1.365356	193.000000
1.365104	182.000000
1.364852	199.000000
1.364600	177.000000
1.364348	184.000000
1.364096	176.000000
1.363845	194.000000
1.363593	198.000000
1.363342	205.000000
1.363090	195.000000
1.362839	195.000000
1.362588	213.000000
1.362337	206.000000
1.362086	211.000000
1.361835	210.000000
1.361584	228.000000
1.361334	218.000000
1.361083	230.000000
1.360832	240.000000
1.360582	232.000000
1.360332	230.000000
1.360081	236.000000
1.359831	225.000000
1.359581	235.000000
1.359331	235.000000
1.359081	259.000000
1.358832	258.000000
1.358582	260.000000
1.358332	263.000000
1.358083	267.000000
1.357834	256.000000
1.357584	253.000000
1.357335	272.000000
1.357086	259.000000
1.356837	280.000000
1.356588	261.000000
1.356339	274.000000
1.356090	276.000000
1.355842	254.000000
1.355593	252.000000
1.355344	264.000000
1.355096	270.000000
1.354848	253.000000
1.354600	262.000000
1.354351	249.000000
1.354103	249.000000
1.353855	260.000000
1.353608	250.000000
1.353360	254.000000
1.353112	251.000000
1.352865	250.000000
1.352617	244.000000
1.352370	229.000000
1.352122	228.000000
1.351875	219.000000
1.351628	230.000000
1.351381	220.000000
1.351134	237.000000
1.350887	216.000000
1.350640	225.000000
1.350394	222.000000
1.350147	212.000000
1.349901	230.000000
1.349654	220.000000
1.349408	213.000000
1.349162	210.000000
1.348916	211.000000
1.348669	214.000000
1.348424	210.000000
1.348178	197.000000
1.347932	195.000000
1.347686	198.000000
1.347441	197.000000
1.347195	184.000000
1.346950	171.000000
1.346704	181.000000
1.346459	188.000000
1.346214	189.000000
1.345969	179.000000
1.345724	202.000000
1.345479	186.000000
1.345234	177.000000
1.344989	179.000000
1.344745	176.000000
1.344500	182.000000
1.344256	178.000000
1.344012	170.000000
1.343767	176.000000
1.343523	163.000000
1.343279	171.000000
1.343035	164.000000
1.342791	174.000000
1.342547	154.000000
1.342304	156.000000
1.342060	154.000000
1.341816	170.000000
1.341573	149.000000
1.341329	158.000000
1.341086	159.000000
1.340843	157.000000
1.340600	161.000000
1.340357	154.000000
1.340114	158.000000
1.339871	159.000000
1.339628	144.000000
1.339386	134.000000
1.339143	145.000000
1.338901	140.000000
1.338658	154.000000
1.338416	137.000000
1.338174	157.000000
